---
genes: 23100
average_gene_length: 5147
transcripts_per_gene: 1.2495238095238095
average_transcript_length: 1644
exons_per_transcript: 8.024390243902438
average_exon_length: 204
