---
genes: 19478
average_gene_length: 11486
transcripts_per_gene: 1.1655714139028648
average_transcript_length: 1407
exons_per_transcript: 6.42086948861384
average_exon_length: 219
