---
genes: 16109
average_gene_length: 5587
transcripts_per_gene: 1.1365696194673784
average_transcript_length: 1531
exons_per_transcript: 8.222076574362335
average_exon_length: 186
