---
genes: 17697
average_gene_length: 5517
transcripts_per_gene: 1.1849466011188337
average_transcript_length: 1638
exons_per_transcript: 7.883214115402956
average_exon_length: 207
