---
genes: 12824
average_gene_length: 2763
transcripts_per_gene: 1.1050374298190893
average_transcript_length: 1567
exons_per_transcript: 3.1484016653729445
average_exon_length: 497
