---
genes: 17271
average_gene_length: 4846
transcripts_per_gene: 1.159921255283423
average_transcript_length: 1366
exons_per_transcript: 7.084909898667199
average_exon_length: 192
