---
genes: 24037
average_gene_length: 4320
transcripts_per_gene: 1.0903190914007572
average_transcript_length: 1416
exons_per_transcript: 6.08707264957265
average_exon_length: 232
