---
genes: 16125
average_gene_length: 4933
transcripts_per_gene: 1.1913178294573643
average_transcript_length: 1345
exons_per_transcript: 6.820353982300885
average_exon_length: 197
