---
genes: 14985
average_gene_length: 2989
transcripts_per_gene: 1.1517517517517517
average_transcript_length: 1493
exons_per_transcript: 7.380555072715684
average_exon_length: 202
