---
genes: 25143
average_gene_length: 4217
transcripts_per_gene: 1.1570218351032096
average_transcript_length: 1619
exons_per_transcript: 6.5922106493417205
average_exon_length: 245
