---
genes: 28106
average_gene_length: 4158
transcripts_per_gene: 1.1287981213975664
average_transcript_length: 1629
exons_per_transcript: 6.461608775137112
average_exon_length: 252
