---
genes: 20255
average_gene_length: 2909
transcripts_per_gene: 1.13961984695137
average_transcript_length: 1535
exons_per_transcript: 7.5043971754104755
average_exon_length: 204
