---
genes: 18013
average_gene_length: 4973
transcripts_per_gene: 1.1629378781990785
average_transcript_length: 1583
exons_per_transcript: 7.135382852778308
average_exon_length: 221
