---
genes: 21097
average_gene_length: 4700
transcripts_per_gene: 1.1513959330710528
average_transcript_length: 1669
exons_per_transcript: 7.152484459264748
average_exon_length: 233
