---
genes: 12101
average_gene_length: 4158
transcripts_per_gene: 1.1840343773241881
average_transcript_length: 1474
exons_per_transcript: 6.954843662758235
average_exon_length: 211
