---
genes: 16100
average_gene_length: 4104
transcripts_per_gene: 1.1501863354037267
average_transcript_length: 1584
exons_per_transcript: 7.69246138891889
average_exon_length: 205
