---
genes: 20735
average_gene_length: 3467
transcripts_per_gene: 1.1271280443694236
average_transcript_length: 1456
exons_per_transcript: 6.259723589063369
average_exon_length: 232
