---
genes: 18350
average_gene_length: 4991
transcripts_per_gene: 1.155640326975477
average_transcript_length: 1486
exons_per_transcript: 6.9750542299349245
average_exon_length: 213
