---
genes: 22270
average_gene_length: 5173
transcripts_per_gene: 1.160619667714414
average_transcript_length: 1589
exons_per_transcript: 6.964560684025225
average_exon_length: 228
