---
genes: 24788
average_gene_length: 3290
transcripts_per_gene: 1.1322414071324836
average_transcript_length: 1378
exons_per_transcript: 5.695717237939143
average_exon_length: 241
