---
genes: 32280
average_gene_length: 4066
transcripts_per_gene: 1.1635377942998761
average_transcript_length: 1545
exons_per_transcript: 6.131606272797465
average_exon_length: 252
