---
genes: 17786
average_gene_length: 3878
transcripts_per_gene: 1.1671539413021477
average_transcript_length: 1226
exons_per_transcript: 6.191338696469002
average_exon_length: 198
