---
genes: 25317
average_gene_length: 3593
transcripts_per_gene: 1.0969704151360746
average_transcript_length: 1277
exons_per_transcript: 5.443864323779346
average_exon_length: 234
