---
genes: 24448
average_gene_length: 2770
transcripts_per_gene: 1.112892670157068
average_transcript_length: 1508
exons_per_transcript: 7.399257571302558
average_exon_length: 203
