---
genes: 23557
average_gene_length: 2903
transcripts_per_gene: 1.1242942649743175
average_transcript_length: 1472
exons_per_transcript: 6.533094204266566
average_exon_length: 225
