---
genes: 14701
average_gene_length: 3626
transcripts_per_gene: 1.1620978164750697
average_transcript_length: 1721
exons_per_transcript: 8.459962538047296
average_exon_length: 203
