---
genes: 16209
average_gene_length: 5994
transcripts_per_gene: 1.1763834906533408
average_transcript_length: 1630
exons_per_transcript: 8.056062513110971
average_exon_length: 202
