---
genes: 20691
average_gene_length: 4887
transcripts_per_gene: 1.1654342467739598
average_transcript_length: 1535
exons_per_transcript: 6.995935970805341
average_exon_length: 219
