---
genes: 15138
average_gene_length: 3727
transcripts_per_gene: 1.2000264235698244
average_transcript_length: 1566
exons_per_transcript: 8.150280744247496
average_exon_length: 192
