---
genes: 21677
average_gene_length: 3646
transcripts_per_gene: 1.2153895834294413
average_transcript_length: 1621
exons_per_transcript: 7.562324451529644
average_exon_length: 214
