---
genes: 17430
average_gene_length: 5667
transcripts_per_gene: 1.1988525530694205
average_transcript_length: 1436
exons_per_transcript: 6.74645865237366
average_exon_length: 212
