---
genes: 17152
average_gene_length: 3460
transcripts_per_gene: 1.177705223880597
average_transcript_length: 1482
exons_per_transcript: 7.591089108910891
average_exon_length: 195
