---
genes: 17699
average_gene_length: 5586
transcripts_per_gene: 1.1661110797220182
average_transcript_length: 1598
exons_per_transcript: 8.079751925965406
average_exon_length: 197
