---
genes: 22596
average_gene_length: 5364
transcripts_per_gene: 1.2036643653744026
average_transcript_length: 1680
exons_per_transcript: 7.999374954040738
average_exon_length: 210
