---
genes: 15112
average_gene_length: 7337
transcripts_per_gene: 1.1713869772366332
average_transcript_length: 1498
exons_per_transcript: 8.03378149361654
average_exon_length: 186
