---
genes: 13700
average_gene_length: 3408
transcripts_per_gene: 1.1936496350364965
average_transcript_length: 1460
exons_per_transcript: 7.839112089524858
average_exon_length: 186
