---
genes: 14129
average_gene_length: 3401
transcripts_per_gene: 1.178922782928728
average_transcript_length: 1481
exons_per_transcript: 7.811430629765264
average_exon_length: 189
