---
genes: 20474
average_gene_length: 3375
transcripts_per_gene: 1.2152974504249292
average_transcript_length: 1536
exons_per_transcript: 7.271039305522065
average_exon_length: 211
