---
genes: 23120
average_gene_length: 4168
transcripts_per_gene: 1.2384515570934256
average_transcript_length: 1589
exons_per_transcript: 7.492194321237733
average_exon_length: 212
