---
genes: 16171
average_gene_length: 2272
transcripts_per_gene: 1.1942984354709048
average_transcript_length: 1724
exons_per_transcript: 8.911821053176617
average_exon_length: 193
