---
genes: 21125
average_gene_length: 1926
transcripts_per_gene: 1.104852071005917
average_transcript_length: 1504
exons_per_transcript: 6.966452442159383
average_exon_length: 215
