---
genes: 20079
average_gene_length: 4854
transcripts_per_gene: 1.1521988146820061
average_transcript_length: 1409
exons_per_transcript: 6.945364166846769
average_exon_length: 202
