---
genes: 15911
average_gene_length: 4698
transcripts_per_gene: 1.1656715479856703
average_transcript_length: 1509
exons_per_transcript: 7.588612713646412
average_exon_length: 198
