---
genes: 11938
average_gene_length: 4588
transcripts_per_gene: 1.1424861785893785
average_transcript_length: 1406
exons_per_transcript: 7.019576215265049
average_exon_length: 200
