---
genes: 14889
average_gene_length: 4159
transcripts_per_gene: 1.1106185774733024
average_transcript_length: 1421
exons_per_transcript: 5.881047411707789
average_exon_length: 241
