---
genes: 16681
average_gene_length: 3532
transcripts_per_gene: 1.1542473472813382
average_transcript_length: 1584
exons_per_transcript: 8.199906512932378
average_exon_length: 193
