---
genes: 16251
average_gene_length: 4167
transcripts_per_gene: 1.1784505568888068
average_transcript_length: 1426
exons_per_transcript: 7.2949193253616
average_exon_length: 195
