---
genes: 19947
average_gene_length: 4625
transcripts_per_gene: 1.218128039304156
average_transcript_length: 1658
exons_per_transcript: 7.843608527450819
average_exon_length: 211
