---
genes: 18102
average_gene_length: 7265
transcripts_per_gene: 1.1866644569660811
average_transcript_length: 1685
exons_per_transcript: 8.07997765467157
average_exon_length: 208
