---
genes: 13758
average_gene_length: 3195
transcripts_per_gene: 1.0997237970635267
average_transcript_length: 1496
exons_per_transcript: 2.805948446794448
average_exon_length: 533
