---
genes: 15914
average_gene_length: 3698
transcripts_per_gene: 1.1797159733567928
average_transcript_length: 1704
exons_per_transcript: 7.985671673591137
average_exon_length: 213
