---
genes: 17982
average_gene_length: 3723
transcripts_per_gene: 1.1827382938494049
average_transcript_length: 1838
exons_per_transcript: 8.214923829227008
average_exon_length: 223
