---
genes: 30522
average_gene_length: 5052
transcripts_per_gene: 1.1968416224362755
average_transcript_length: 1533
exons_per_transcript: 6.282179030933479
average_exon_length: 244
