---
genes: 19949
average_gene_length: 6172
transcripts_per_gene: 1.214296455962705
average_transcript_length: 1472
exons_per_transcript: 6.8248018494055485
average_exon_length: 215
