---
genes: 17309
average_gene_length: 4510
transcripts_per_gene: 1.1526951297013115
average_transcript_length: 1490
exons_per_transcript: 7.010475140336808
average_exon_length: 212
