---
genes: 16136
average_gene_length: 3283
transcripts_per_gene: 1.152516113039167
average_transcript_length: 1566
exons_per_transcript: 8.048072269720922
average_exon_length: 194
