---
genes: 14723
average_gene_length: 3861
transcripts_per_gene: 1.1852204034503837
average_transcript_length: 1550
exons_per_transcript: 7.631977077363897
average_exon_length: 203
