---
genes: 19727
average_gene_length: 3644
transcripts_per_gene: 1.1857859786079992
average_transcript_length: 1602
exons_per_transcript: 7.093322503419973
average_exon_length: 225
