---
genes: 14885
average_gene_length: 4214
transcripts_per_gene: 1.179308028216325
average_transcript_length: 1604
exons_per_transcript: 7.9108465307052525
average_exon_length: 202
