---
genes: 16480
average_gene_length: 2834
transcripts_per_gene: 1.07876213592233
average_transcript_length: 1400
exons_per_transcript: 2.65721678479019
average_exon_length: 526
