---
genes: 30586
average_gene_length: 7012
transcripts_per_gene: 1.177434120185706
average_transcript_length: 1116
exons_per_transcript: 4.510732235581596
average_exon_length: 247
