---
genes: 15103
average_gene_length: 5597
transcripts_per_gene: 1.1781765212209494
average_transcript_length: 1490
exons_per_transcript: 7.354670113521411
average_exon_length: 202
