---
genes: 18794
average_gene_length: 4519
transcripts_per_gene: 1.1893157390656592
average_transcript_length: 1435
exons_per_transcript: 7.362428418038654
average_exon_length: 195
