---
genes: 21349
average_gene_length: 6385
transcripts_per_gene: 1.1808984027354912
average_transcript_length: 1644
exons_per_transcript: 7.811074530958709
average_exon_length: 210
