---
genes: 26474
average_gene_length: 5372
transcripts_per_gene: 1.166956258971066
average_transcript_length: 1581
exons_per_transcript: 6.851751149090438
average_exon_length: 230
