---
genes: 16621
average_gene_length: 5270
transcripts_per_gene: 1.1736959268395404
average_transcript_length: 1466
exons_per_transcript: 7.484826737748616
average_exon_length: 195
