---
genes: 21503
average_gene_length: 4312
transcripts_per_gene: 1.136632097846812
average_transcript_length: 1383
exons_per_transcript: 6.581645595515732
average_exon_length: 210
