---
genes: 30547
average_gene_length: 4795
transcripts_per_gene: 1.136314531705241
average_transcript_length: 1483
exons_per_transcript: 6.12664573190055
average_exon_length: 242
