---
genes: 14406
average_gene_length: 4900
transcripts_per_gene: 1.1837428849090657
average_transcript_length: 1679
exons_per_transcript: 8.063742450008796
average_exon_length: 208
