---
genes: 15746
average_gene_length: 4817
transcripts_per_gene: 1.1682967102756256
average_transcript_length: 1797
exons_per_transcript: 7.6873233311589475
average_exon_length: 233
