---
genes: 17467
average_gene_length: 5444
transcripts_per_gene: 1.1644243430468884
average_transcript_length: 1523
exons_per_transcript: 7.499385417178819
average_exon_length: 203
