---
genes: 13368
average_gene_length: 4123
transcripts_per_gene: 1.1790095751047278
average_transcript_length: 1663
exons_per_transcript: 8.514117124547935
average_exon_length: 195
