---
genes: 13041
average_gene_length: 8032
transcripts_per_gene: 1.1931600337397439
average_transcript_length: 1485
exons_per_transcript: 7.254434447300771
average_exon_length: 204
