---
genes: 13935
average_gene_length: 7593
transcripts_per_gene: 1.1590958019375672
average_transcript_length: 1508
exons_per_transcript: 7.1821446260525015
average_exon_length: 210
