---
genes: 19811
average_gene_length: 5690
transcripts_per_gene: 1.1537529655242038
average_transcript_length: 1519
exons_per_transcript: 7.182744892155576
average_exon_length: 211
