---
genes: 20159
average_gene_length: 4119
transcripts_per_gene: 1.2186616399622998
average_transcript_length: 1527
exons_per_transcript: 7.255830992795213
average_exon_length: 210
