---
genes: 17378
average_gene_length: 3253
transcripts_per_gene: 1.1706755668086086
average_transcript_length: 1606
exons_per_transcript: 8.270743216673221
average_exon_length: 194
