---
genes: 19986
average_gene_length: 3368
transcripts_per_gene: 1.1439507655358752
average_transcript_length: 1691
exons_per_transcript: 7.570222630450947
average_exon_length: 223
