---
genes: 20560
average_gene_length: 4878
transcripts_per_gene: 1.1616731517509729
average_transcript_length: 1597
exons_per_transcript: 6.640303131803718
average_exon_length: 240
