---
genes: 17272
average_gene_length: 4128
transcripts_per_gene: 1.1783811949976841
average_transcript_length: 1344
exons_per_transcript: 6.703188719107748
average_exon_length: 200
