---
genes: 25901
average_gene_length: 3460
transcripts_per_gene: 1.1487587351839696
average_transcript_length: 1275
exons_per_transcript: 5.187000067217853
average_exon_length: 245
