---
genes: 14547
average_gene_length: 3496
transcripts_per_gene: 1.1543273527187736
average_transcript_length: 1588
exons_per_transcript: 6.951345878989995
average_exon_length: 228
