---
genes: 16897
average_gene_length: 5577
transcripts_per_gene: 1.162809966266201
average_transcript_length: 1557
exons_per_transcript: 7.659252850162867
average_exon_length: 203
