---
genes: 22091
average_gene_length: 4929
transcripts_per_gene: 1.1623285500882712
average_transcript_length: 1512
exons_per_transcript: 6.855240098142306
average_exon_length: 220
