---
genes: 15311
average_gene_length: 3761
transcripts_per_gene: 1.1712494285154464
average_transcript_length: 1512
exons_per_transcript: 7.309764122009703
average_exon_length: 206
