---
genes: 19142
average_gene_length: 4141
transcripts_per_gene: 1.2006582384285864
average_transcript_length: 1686
exons_per_transcript: 7.3287647391550275
average_exon_length: 230
