---
genes: 16692
average_gene_length: 5595
transcripts_per_gene: 1.150251617541337
average_transcript_length: 1456
exons_per_transcript: 6.655989583333334
average_exon_length: 218
