---
genes: 20059
average_gene_length: 5234
transcripts_per_gene: 1.1288698339897303
average_transcript_length: 1547
exons_per_transcript: 6.4439586645469
average_exon_length: 240
