---
genes: 11367
average_gene_length: 4165
transcripts_per_gene: 1.1480601741884402
average_transcript_length: 1417
exons_per_transcript: 6.876091954022988
average_exon_length: 206
