---
genes: 15608
average_gene_length: 5158
transcripts_per_gene: 1.1529343926191697
average_transcript_length: 1745
exons_per_transcript: 8.124645734926368
average_exon_length: 214
