---
genes: 16244
average_gene_length: 4715
transcripts_per_gene: 1.1864688500369367
average_transcript_length: 1567
exons_per_transcript: 7.960151507289991
average_exon_length: 196
