---
genes: 20900
average_gene_length: 4788
transcripts_per_gene: 1.2126315789473685
average_transcript_length: 1704
exons_per_transcript: 7.917416351010101
average_exon_length: 215
