---
genes: 18339
average_gene_length: 5157
transcripts_per_gene: 1.1417198320519113
average_transcript_length: 1499
exons_per_transcript: 7.400181488203267
average_exon_length: 202
