---
genes: 18634
average_gene_length: 4169
transcripts_per_gene: 1.1799935601588494
average_transcript_length: 1413
exons_per_transcript: 7.136210660360197
average_exon_length: 198
