---
genes: 23671
average_gene_length: 4085
transcripts_per_gene: 1.158886401081492
average_transcript_length: 1454
exons_per_transcript: 6.517570720326626
average_exon_length: 223
