---
genes: 15516
average_gene_length: 4940
transcripts_per_gene: 1.2084944573343646
average_transcript_length: 1671
exons_per_transcript: 8.147405471708176
average_exon_length: 205
