---
genes: 18860
average_gene_length: 8753
transcripts_per_gene: 1.152916224814422
average_transcript_length: 1531
exons_per_transcript: 8.093037159676232
average_exon_length: 189
