---
genes: 18386
average_gene_length: 6955
transcripts_per_gene: 1.176384205373654
average_transcript_length: 1473
exons_per_transcript: 7.849137731749041
average_exon_length: 187
