---
genes: 19292
average_gene_length: 4831
transcripts_per_gene: 1.2061994609164421
average_transcript_length: 1525
exons_per_transcript: 7.6628706489041685
average_exon_length: 199
