---
genes: 18156
average_gene_length: 4429
transcripts_per_gene: 1.2158515091429831
average_transcript_length: 1589
exons_per_transcript: 7.0419932049830125
average_exon_length: 225
