---
genes: 16511
average_gene_length: 9368
transcripts_per_gene: 1.1769729271394829
average_transcript_length: 1708
exons_per_transcript: 7.8064117737868575
average_exon_length: 218
