---
genes: 20501
average_gene_length: 3882
transcripts_per_gene: 1.136871372128189
average_transcript_length: 1412
exons_per_transcript: 5.703822885828292
average_exon_length: 247
