---
genes: 10718
average_gene_length: 3112
transcripts_per_gene: 1.1249300242582572
average_transcript_length: 1520
exons_per_transcript: 3.023720660197396
average_exon_length: 502
