---
genes: 13427
average_gene_length: 2635
transcripts_per_gene: 1.1004692038430028
average_transcript_length: 1405
exons_per_transcript: 2.8294531672983214
average_exon_length: 496
