---
genes: 13846
average_gene_length: 11093
transcripts_per_gene: 1.1716741297125524
average_transcript_length: 1779
exons_per_transcript: 9.069099426739815
average_exon_length: 196
