---
genes: 11724
average_gene_length: 3716
transcripts_per_gene: 1.1143807574206754
average_transcript_length: 1515
exons_per_transcript: 2.949483352468427
average_exon_length: 513
