---
genes: 12480
average_gene_length: 3054
transcripts_per_gene: 1.0787660256410256
average_transcript_length: 1500
exons_per_transcript: 2.9472628686028375
average_exon_length: 509
